RANK                0            1            2             3             4             5            6            7            8
                   10                                                                               90                          
explore/b=False    51           26            8             5                                                                   
rrp                 8           13           13            34            10            11                                       
explore/b=True     67           18            3             2                                                                   
asIs                2            7           10            11            30            10            8           11            2
exploit/b=False    62           23            5                                                                                 
exploit/b=True     84            3            3                                                                                 
#
#EVALS
RANK                      0            1            2             3             4             5            6            7            8
                    0 (  0)      0 (  0)      0 (  0)       0 (  0)       0 (  0)       0 (  0)      0 (  0)      0 (  0)      0 (  0)
explore/b=False    28 (  8)     30 (  4)     30 (  0)      27 (  0)       0 (  0)       0 (  0)      0 (  0)      0 (  0)      0 (  0)
rrp                 4 (  0)      4 (  0)      4 (  0)       5 (  0)       4 (  0)       4 (  0)      0 (  0)      0 (  0)      0 (  0)
explore/b=True     29 (  8)     28 (  4)     25 (  0)      30 (  0)       0 (  0)       0 (  0)      0 (  0)      0 (  0)      0 (  0)
asIs              3840 (  0)   6581 (  0)   12835 (  0)   28263 (  0)   8030 (1100)   3708 (  0)   8356 (  0)   3156 (  0)   196 (  0)
exploit/b=False    28 (  8)     26 (  4)     23 (  0)       0 (  0)       0 (  0)       0 (  0)      0 (  0)      0 (  0)      0 (  0)
exploit/b=True     30 (  8)     35 (  0)     20 (  0)       0 (  0)       0 (  0)       0 (  0)      0 (  0)      0 (  0)      0 (  0)
#
#DELTAS
RANK                      0            1            2             3             4             5            6            7            8
                  100 (  0)      0 (  0)      0 (  0)       0 (  0)       0 (  0)       0 (  0)     96 (  0)      0 (  0)      0 (  0)
explore/b=False    68 ( 27)     54 ( 11)     52 (  0)      42 (  0)       0 (  0)       0 (  0)      0 (  0)      0 (  0)      0 (  0)
rrp                61 (  0)     50 (  0)     21 (  0)      22 ( 14)      28 (  0)      25 (  0)      0 (  0)      0 (  0)      0 (  0)
explore/b=True     71 ( 24)     56 ( 19)     25 (  0)      24 (  0)       0 (  0)       0 (  0)      0 (  0)      0 (  0)      0 (  0)
asIs                0 (  0)      0 (  0)      0 (  0)       0 (  0)       0 (  0)       0 (  0)      0 (  0)      0 (  0)      0 (  0)
exploit/b=False    70 ( 24)     57 ( 18)     39 (  0)       0 (  0)       0 (  0)       0 (  0)      0 (  0)      0 (  0)      0 (  0)
exploit/b=True     69 ( 24)     48 (  0)     41 (  0)       0 (  0)       0 (  0)       0 (  0)      0 (  0)      0 (  0)      0 (  0)
